0130505802442SJ202504M0000230000006
02231406839490000000012IMPRESORAS                                        014019250352095015430103020250430202504303
03231406839490135      05600 000000043781136C      
03231406839490200      00000 000000004815925D      
03231406839490205      00000 000000001313434D      
03231406839490210      00000 000000001313434D      
03231406839490215      00000 000000000875623D      
03231406839499999      00000 000000000000080C      
0423140683949000110101 1 0490080 1 1 01  00  0000000000000000010970700000000000000000000000000000000000000000000000000000000000000000000000000000000000000000000000000000000000000000000000000000000000000000000000000000000000000000000000000000000000000000000000000000000000000000000000000000000000000000000000000000000000000000000000000000000000000000000000000000000000000
02201617931330000000019IMPRESORAS                                        014019250352095015405903020250430202504303
03201617931330136      05600 000000033039552C      
03201617931330200      00000 000000003634351D      
03201617931330205      00000 000000000991187D      
03201617931330210      00000 000000000991187D      
03201617931330215      00000 000000000660791D      
03201617931339999      00000 000000000000064C      
0420161793133000110101 1 0490080 1 1 01  00  0000000000000000010970700000000000000000000000000000000000000000000000000000000000000000000000000000000000000000000000000000000000000000000000000000000000000000000000000000000000000000000000000000000000000000000000000000000000000000000000000000000000000000000000000000000000000000000000000000000000000000000000000000000000000
02201833358210000000033IMPRESORAS                                        014019250352095015413403020250430202504303
03201833358210136      05600 000000028442848C      
03201833358210200      00000 000000003128713D      
03201833358210205      00000 000000000853285D      
03201833358210210      00000 000000000853285D      
03201833358210215      00000 000000000568857D      
03201833358219999      00000 000000000000092C      
0420183335821000110101 1 0490080 1 1 01  00  0000000000000000010970700000000000000000000000000000000000000000000000000000000000000000000000000000000000000000000000000000000000000000000000000000000000000000000000000000000000000000000000000000000000000000000000000000000000000000000000000000000000000000000000000000000000000000000000000000000000000000000000000000000000000
02203046462850000000041IMPRESORAS                                        017012854000000321892903020250430202504303
03203046462850136      05600 000000033039552C      
03203046462850200      00000 000000003634351D      
03203046462850205      00000 000000000991187D      
03203046462850210      00000 000000000991187D      
03203046462850215      00000 000000000660791D      
03203046462859999      00000 000000000000064C      
0420304646285000110101 1 0490080 1 1 01  00  0000000000000000010970700000000000000000000000000000000000000000000000000000000000000000000000000000000000000000000000000000000000000000000000000000000000000000000000000000000000000000000000000000000000000000000000000000000000000000000000000000000000000000000000000000000000000000000000000000000000000000000000000000000000000
02204066303910000000058IMPRESORAS                                        017012854000000372555103020250430202504303
03204066303910136      05600 000000028442848C      
03204066303910200      00000 000000003128713D      
03204066303910205      00000 000000000853285D      
03204066303910210      00000 000000000853285D      
03204066303910215      00000 000000000568857D      
03204066303919999      00000 000000000000092C      
0420406630391000110101 1 0490080 1 1 01  00  0000000000000000010970700000000000000000000000000000000000000000000000000000000000000000000000000000000000000000000000000000000000000000000000000000000000000000000000000000000000000000000000000000000000000000000000000000000000000000000000000000000000000000000000000000000000000000000000000000000000000000000000000000000000000
02204071578000000000068IMPRESORAS                                        017036184000003623592803020250430202504303
03204071578000135      05600 000000029722784C      
03204071578000200      00000 000000003269506D      
03204071578000205      00000 000000000891684D      
03204071578000210      00000 000000000891684D      
03204071578000215      00000 000000000594456D      
03204071578009999      00000 000000000000046C      
0420407157800000110101 1 0490080 1 1 01  00  0000000000000000010970700000000000000000000000000000000000000000000000000000000000000000000000000000000000000000000000000000000000000000000000000000000000000000000000000000000000000000000000000000000000000000000000000000000000000000000000000000000000000000000000000000000000000000000000000000000000000000000000000000000000000